C;Ursa Minor;16.76615597;82
17.53691588;86.58632924;2.52974312;89.26413805
16.76615597;82.03725071;17.53691588;86.58632924
15.73429554;77.79449901;16.76615597;82.03725071
16.29180584;75.75470385;15.73429554;77.79449901
14.84510983;74.15547596;15.73429554;77.79449901
15.34548589;71.83397308;14.84510983;74.15547596
16.29180584;75.75470385;15.34548589;71.83397308
C;Ursa Major;12.9004536;55.9
13.79237392;49.31330288;13.39872773;54.92541525
13.39872773;54.92541525;12.9004536;55.95984301
12.9004536;55.95984301;12.25706919;57.03259792
12.25706919;57.03259792;11.89715035;53.69473296
12.25706919;57.03259792;11.06217691;61.75111888
11.89715035;53.69473296;11.0306641;56.38234478
11.0306641;56.38234478;11.06217691;61.75111888
C;Cassiopeia;0.9451392;60.71674966
0.15280269;59.15021814;0.67510756;56.53740928	
0.67510756;56.53740928;0.9451392;60.71674966	
0.9451392;60.71674966;1.43016751;60.23540347	
1.43016751;60.23540347;1.90657873;63.67014686	
C;Draco;17.1464514;65.71463676
11.52341346;69.33112161;12.55806736;69.78820992	
12.55806736;69.78820992;14.07317389;64.37580873	
14.07317389;64.37580873;15.41549558;58.96602354	
15.41549558;58.96602354;16.03158437;58.56443739	
16.03158437;58.56443739;17.1464514;65.71463676	
17.1464514;65.71463676;17.69897418;72.14949916	
17.69897418;72.14949916;18.35064971;72.73369763	
18.35064971;72.73369763;19.25924825;73.35521457	
19.25924825;73.35521457;19.8028371;70.26783533	
19.8028371;70.26783533;19.20920972;67.66131695	
19.20920972;67.66131695;17.8921193;56.87245216	
17.8921193;56.87245216;17.94343829;51.48895101	
17.94343829;51.48895101;17.5072158;52.30135901	
17.5072158;52.30135901;17.53622721;55.18411077	
17.53622721;55.18411077;17.8921193;56.87245216
C;Cepheus;22.06310052;64.62775425
20.49300758;62.99413722;20.75479684;61.83679404	
20.75479684;61.83679404;21.30960598;62.58545529		
21.30960598;62.58545529;21.47765973;70.56069481	
21.47765973;70.56069481;23.65582834;77.63196681	
23.65582834;77.63196681;22.82803115;66.20071089	
22.82803115;66.20071089;22.18090608;58.20124992	
22.18090608;58.20124992;21.30960598;62.58545529	
22.18090608;58.20124992;22.25046638;57.04346522	
22.25046638;57.04346522;22.48617998;58.4151899	
C;Lyra;18.7462044;37.60505025
18.33103366;36.06444696;18.61560722;38.78299311	
18.61560722;38.78299311;18.73965995;39.61259557	
18.61560722;38.78299311;18.7462044;37.60505025	
18.7462044;37.60505025;18.90841352;36.89860518	
18.90841352;36.89860518;18.98239571;32.68955312	
18.98239571;32.68955312;18.83466497;33.36267788	
18.83466497;33.36267788;18.7462044;37.60505025
C;Cygnus;19.93844337;35.08349079
19.28503052;53.36816064;19.49509425;51.72946747	
19.49509425;51.72946747;19.60737289;50.22046347	
19.60737289;50.22046347;19.74956725;45.13069195	
19.74956725;45.13069195;20.37047223;40.2566815	
20.37047223;40.2566815;20.69053151;45.28033423	
20.37047223;40.2566815;20.77012006;33.96945334	
20.77012006;33.96945334;21.21560598;30.22708128	
20.37047223;40.2566815;19.93844337;35.08349079	
19.93844337;35.08349079;19.51202368;27.9596948
C;Hercules;16.71492737;38.92246103
17.24412845;14.39025314;16.50368379;21.4896485	
16.50368379;21.4896485;16.36534546;19.15302185	
16.50368379;21.4896485;16.68818808;31.60188695	
16.68818808;31.60188695;16.71492737;38.92246103	
16.71492737;38.92246103;16.5683859;42.43689565	
16.5683859;42.43689565;16.3290133;46.31327084
16.3290133;46.31327084;16.14616647;44.93481883	
16.68818808;31.60188695;17.00483505;30.92633926	
17.00483505;30.92633926;17.25053449;24.83958739	
17.25053449;24.83958739;17.512305;26.1106045	
17.512305;26.1106045;17.77436636;27.72249917	
17.77436636;27.72249917;17.96273073;29.24792527	
17.96273073;29.24792527;18.12570854;28.76247025	
17.00483505;30.92633926;17.25079285;36.80915527	
16.71492737;38.92246103;17.25079285;36.80915527	
17.25079285;36.80915527;17.39471468;37.14592396	
17.39471468;37.14592396;17.93754959;37.25052158	
17.93754959;37.25052158;17.65774789;46.00632216	
C;Bootes;14.53051606;30.37114497
13.91142116;18.39858742;14.2612076;19.18726997	
14.2612076;19.18726997;14.32925578;16.30680118	
14.2612076;19.18726997;14.53051606;30.37114497	
14.53051606;30.37114497;14.53465494;38.30788348	
14.53465494;38.30788348;15.03244253;40.39063671	
15.03244253;40.39063671;15.25836216;33.31510222	
15.25836216;33.31510222;14.74979191;27.07417383	
14.74979191;27.07417383;14.2612076;19.18726997	
C;Corona Borealis;15.57810819;26.71491041
15.5488322;31.35915517;15.46384775;29.10549164
15.46384775;29.10549164;15.57810819;26.71491041	
15.57810819;26.71491041;15.71239951;26.29551419	
15.71239951;26.29551419;15.82658278;26.06854936	
15.82658278;26.06854936;15.95980608;26.87802632	
C;Virgo;13.16583667;-5.53892987
13.41989015;-11.16124491;14.21492805;-10.274044	
13.41989015;-11.16124491;13.5782652;-0.59593821	
13.41989015;-11.16124491;13.16583667;-5.53892987	
13.16583667;-5.53892987;12.69444503;-1.44952231	
12.69444503;-1.44952231;12.33177539;-0.66674709	
12.33177539;-0.66674709;11.8448017;1.76537705	
12.69444503;-1.44952231;12.92680091;3.39759862	
12.92680091;3.39759862;13.03632237;10.95910186	
12.92680091;3.39759862;13.5782652;-0.59593821	
13.5782652;-0.59593821;14.02743976;1.54458338	
14.02743976;1.54458338;14.77083106;1.8929383
11.8448017;1.76537705;11.75472355;8.25817475	
11.75472355;8.25817475;12.08685266;8.73284563	
12.08685266;8.73284563;12.69444503;-1.44952231	
C;Leo;10.3328227;19.84186032
11.81774398;14.57233687;11.23511447;20.52403384	
11.23511447;20.52403384;11.23734469;15.4297631	
11.23734469;15.4297631;10.5468542;9.30659431	
11.23734469;15.4297631;11.39871355;10.52969772	
11.23734469;15.4297631;10.12220929;16.76266572	
11.39871355;10.52969772;11.35229115;6.02935289	
10.12220929;16.76266572;10.3328227;19.84186032	
10.3328227;19.84186032;11.0388281;20.17974575	
11.0388281;20.17974575;11.23511447;20.52403384	
10.13957205;11.96719513;10.12220929;16.76266572	
10.12220929;16.76266572;9.68586607;9.89239902	
10.12220929;16.76266572;9.76419511;23.77427792	
9.76419511;23.77427792;9.87943268;26.00708498	
9.76419511;23.77427792;9.52867787;22.96806545	
9.52867787;22.96806545;9.41091093;26.18244091	
9.41091093;26.18244091;9.87943268;26.00708498	
9.87943268;26.00708498;10.27816787;23.4173284	
10.27816787;23.4173284;10.3328227;19.84186032
C;Coma Berenices;13.19803407;27.87603769
13.1665415;17.52911621;13.19803407;27.87603769	
13.19803407;27.87603769;12.44897988;28.26861975	
13.19803407;27.87603769;12.44002048;27.26826273	
13.19803407;27.87603769;12.37508865;25.84618178	
13.19803407;27.87603769;12.27237644;23.94542332
C;Leo Minor;10.12381254;35.24469176
9.57038249;36.39761338;10.12381254;35.24469176	
10.12381254;35.24469176;10.43190753;33.79626364	
10.43190753;33.79626364;10.88851107;34.21556641	
10.88851107;34.21556641;10.46474791;36.70747818	
10.46474791;36.70747818;10.12381254;35.24469176
C;Lynx;7.44523915;49.21164489
9.35096077;34.39252592;9.31407426;36.80289763	
9.31407426;36.80289763;9.01128856427015;41.7870715180358	
9.01128856427015;41.7870715180358;8.38059169;43.18837233	
8.38059169;43.18837233;7.44523915;49.21164489	
7.44523915;49.21164489;6.9546107;58.42305973	
6.9546107;58.42305973;6.32705299;59.01090518
C;Camelopardalis;4.90083628;66.34266029
4.95478345;53.75208289;5.05697146;60.44228144	
5.05697146;60.44228144;4.90083628;66.34266029	
4.90083628;66.34266029;7.00106888;76.97744152	
7.00106888;76.97744152;6.3141055;69.3200343	
4.90083628;66.34266029;3.83929883;71.33236777	
3.83929883;71.33236777;3.82535706;65.52600645	
3.82535706;65.52600645;5.05697146;60.44228144	
3.82535706;65.52600645;3.58362095;60.04137677
C;Canes Venatici;12.74991006;39.27857766
12.9338447;38.31824617;12.5625257;41.35676779
C;Cancer;8.72144808;21.46859609
8.2752634;9.18566295;8.7447528;18.15486399	
8.7447528;18.15486399;8.97477693;11.85777198	
8.7447528;18.15486399;8.72144808;21.46859609	
8.72144808;21.46859609;8.7782873;28.76000509
8.2752634;9.18566295;8.20353023;17.64813756	
8.20353023;17.64813756;8.72144808;21.46859609	
C;Gemini;7;24.2
7.75537884;28.02631031;7.59871452;26.89600343	
7.59871452;26.89600343;7.74079682;24.39812929	
7.59871452;26.89600343;7.42879891;27.79828561	
7.59871452;26.89600343;7.33538592;21.98233941	
7.33538592;21.98233941;7.30155744;16.54047526	
7.30155744;16.54047526;6.75484265;12.89605513	
7.33538592;21.98233941;7.06848205;20.57029939	
7.06848205;20.57029939;6.62852842;16.39941482	
7.42879891;27.79828561;7.18566433;30.24528065
7.18566433;30.24528065;7.48516936;31.78407932	
7.48516936;31.78407932;7.57666793;31.88863645	
7.18566433;30.24528065;6.87981668;33.96136985	
7.18566433;30.24528065;6.73220272;25.13115531	
6.73220272;25.13115531;6.48271957;20.2121672	
6.73220272;25.13115531;6.3826642;22.51385027	
6.3826642;22.51385027;6.2479713;22.50682376	
6.2479713;22.50682376;6.06867126;23.26363207
C;Auriga;5.5;37.5
5.27813767;45.99902927;5.99215817;44.94743492	
5.27813767;45.99902927;5.10857473;41.23464074	
5.27813767;45.99902927;5.032815;43.82331397	
5.032815;43.82331397;5.04130001;41.07588953	
5.04130001;41.07588953;5.10857473;41.23464074	
5.10857473;41.23464074;4.94989339;33.16613537	
4.94989339;33.16613537;5.43819386;28.60787346
5.43819386;28.60787346;5.99534393;37.21276409	
5.99534393;37.21276409;5.99215817;44.94743492	
5.99215817;44.94743492;5.99209731;54.28498197	
5.99209731;54.28498197;5.27813767;45.99902927
C;Taurus;4.5;19.2
5.43819386;28.60787346;4.7040843;22.95697545	
4.7040843;22.95697545;4.43844298;22.81369394	
4.43844298;22.81369394;3.79140671;24.10524193	
4.7040843;22.95697545;5.62741229;21.14259299	
5.62741229;21.14259299;4.59866679;16.50976164	
4.59866679;16.50976164;4.47768747;15.8709468	
4.47768747;15.8709468;4.32987052;15.62770031
4.32987052;15.62770031;4.38222981;17.5425843	
4.38222981;17.5425843;4.47692591;19.18052092	
4.47692591;19.18052092;4.42280521;22.29398098	
4.42280521;22.29398098;4.43844298;22.81369394	
4.32987052;15.62770031;4.63594491;12.51087423	
4.63594491;12.51087423;4.59423154;10.16091706	
4.32987052;15.62770031;4.25890144;8.89240989	
4.32987052;15.62770031;4.01133906;12.49037571	
4.01133906;12.49037571;3.45281136;9.7327724
3.45281136;9.7327724;3.51454638;12.93668186	
3.45281136;9.7327724;4.05260466;5.98930909	
3.45281136;9.7327724;3.413566;9.02906504	
3.413566;9.02906504;3.61458859;0.40283316	
C;Perseus;3.5;39.8
3.73864623;32.28827325;3.90219957;31.88365776	
3.90219957;31.88365776;3.98274992;35.79102701	
3.98274992;35.79102701;3.96422809;40.01027315	
3.96422809;40.01027315;3.13614714;40.9556512
3.96422809;40.01027315;3.75323428;42.57854437	
3.75323428;42.57854437;3.50957839;47.99517199	
3.50957839;47.99517199;3.40537459;49.86124281
3.40537459;49.86124281;3.1508009;49.61350009
3.40537459;49.86124281;3.60815558;48.19270068	
3.60815558;48.19270068;3.71541169;47.7876533	
3.71541169;47.7876533;4.14435368;47.71259359	
4.14435368;47.71259359;4.24829381;48.40937312	
4.24829381;48.40937312;4.30404874;50.29563944
4.30404874;50.29563944;4.10973758;50.35135022	
3.40537459;49.86124281;3.07994173;53.50645031	
3.07994173;53.50645031;2.84494243;55.89552955	
3.07994173;53.50645031;2.90429513;52.76248991	
2.84494243;55.89552955;2.90429513;52.76248991	
2.90429513;52.76248991;3.1508009;49.61350009	
3.1508009;49.61350009;2.73657999;49.22866639	
2.73657999;49.22866639;1.72767091;50.6887655	
3.1508009;49.61350009;3.1582303;44.85788896	
3.1582303;44.85788896;3.13614714;40.9556512	
3.13614714;40.9556512;3.08624916;38.84053298	
3.08624916;38.84053298;2.84303172;38.31890838
C;Triangulum;2;33.3
1.88469439;29.57939727;2.28856547;33.84732099	
2.28856547;33.84732099;2.15903358;34.98739204	
2.15903358;34.98739204;1.88469439;29.57939727
C;Aries;2.5;23.5
1.91065251;20.80829949;2.11952383;23.46277743	
1.91065251;20.80829949;1.96549317;23.5960961	
1.96549317;23.5960961;2.11952383;23.46277743	
2.11952383;23.46277743;2.21332884;21.21098318	
2.21332884;21.21098318;1.892157;19.29409264	
2.21332884;21.21098318;2.98687051;21.34044477	
2.98687051;21.34044477;3.19379712;19.72669777	
2.98687051;21.34044477;2.8330526;27.26079044	
2.8330526;27.26079044;2.79845596;29.24742385	
2.8330526;27.26079044;2.72419735;27.70717078	
2.79845596;29.24742385;2.72419735;27.70717078	
2.72419735;27.70717078;2.11952383;23.46277743
C;Pisces;1.5;8
1.19432964;30.08972962;0.9639301;28.9922356	
1.19432964;30.08972962;1.22914867;24.58376482	
0.9639301;28.9922356;1.22914867;24.58376482	
1.22914867;24.58376482;1.52472051;15.34583101	
1.52472051;15.34583101;1.75655241;9.15764102	
1.75655241;9.15764102;2.03411128;2.76376048	
2.03411128;2.76376048;1.69052987;5.48760445	
1.69052987;5.48760445;1.04907107;7.89007256	
1.04907107;7.89007256;0.81135982;7.58520186	
0.81135982;7.58520186;23.98850066;6.86359373	
23.98850066;6.86359373;23.66578342;5.62735374
23.66578342;5.62735374;23.77320469;3.48687164	
23.77320469;3.48687164;23.70080049;1.7804172	
23.70080049;1.7804172;23.44886258;1.25583758	
23.44886258;1.25583758;23.28597045;3.28224524	
23.28597045;3.28224524;23.33903807;5.38145156	
23.33903807;5.38145156;23.46615772;6.37909727	
23.46615772;6.37909727;23.66578342;5.62735374
C;Andromeda;0.7;39.5
2.06497752;42.32984832;1.67633449;40.57710624	
1.67633449;40.57710624;1.16216599;35.62083048
1.16216599;35.62083048;0.94586046;38.49925513	
0.94586046;38.49925513;0.83023048;41.07895474	
0.83023048;41.07895474;1.15836727;47.2418241	
1.15836727;47.2418241;1.6331951;48.62848641	
1.16216599;35.62083048;0.65544371;30.86122579
0.65544371;30.86122579;0.13976888;29.09082805	
0.65544371;30.86122579;0.61467749;33.71935227	
0.65544371;30.86122579;0.64263868;29.312369	
1.16216599;35.62083048;0.61467749;33.71935227
0.64263868;29.312369;0.78899727;24.26737703	
0.78899727;24.26737703;0.91611663;23.62844595	
0.61467749;33.71935227;0.3054737;36.7853273	
0.3054737;36.7853273;23.63560531;43.2680761
23.63560531;43.2680761;23.03201291;42.32597866	
23.63560531;43.2680761;23.67345605;44.33397776	
23.67345605;44.33397776;23.62602991;46.45917621
C;Lacerta;22.5;46.5
22.39267678;52.22949951;22.52149326;50.28244976	
22.52149326;50.28244976;22.40860992;49.47640074	
22.40860992;49.47640074;22.49217298;47.70689488	
22.49217298;47.70689488;22.35042452;46.53656484	
22.35042452;46.53656484;22.50812822;43.12338985	
22.50812822;43.12338985;22.23130596;39.71488928	
22.23130596;39.71488928;22.26615838;37.74873483
C;Pegasus;22.5;19.5
22.69102078;10.83139111;22.16994993;6.197789	
22.69102078;10.83139111;21.73642787;9.87500791	
22.69102078;10.83139111;22.77817819;12.17408381
22.77817819;12.17408381;23.07933801;15.20536786	
23.07933801;15.20536786;22.77551177;23.56567939	
23.07933801;15.20536786;23.06287038;28.08245462	
23.07933801;15.20536786;0.22059721;15.18361593	
23.06287038;28.08245462;0.22059721;15.18361593	
22.77817819;12.17408381;22.11679848;25.3450461
22.11679848;25.3450461;21.74185847;17.35004352	
22.11679848;25.3450461;21.7440845;25.64500284	
21.7440845;25.64500284;21.36809274;19.80435581	
22.11679848;25.3450461;22.77551177;23.56567939	
22.77551177;23.56567939;22.8333612;24.60168486	
22.8333612;24.60168486;22.71670238;30.22130866	
22.71670238;30.22130866;22.16645906;33.17826747
C;Cetus;1.5;-14.5
1.73475762;-15.93955597;0.7264523;-17.9866841
0.7264523;-17.9866841;0.32380084;-8.82382948	
0.32380084;-8.82382948;1.40040311;-8.18275372	
1.40040311;-8.18275372;1.85766961;-10.33494526	
1.85766961;-10.33494526;2.37011301;-0.88474037	
2.37011301;-0.88474037;2.65804119;0.3285168
2.65804119;0.3285168;2.00006244;-21.07777193	
2.00006244;-21.07777193;0.7264523;-17.9866841	
2.65804119;0.3285168;2.72170126;3.23617162
2.72170126;3.23617162;3.03799418;4.08992539	
3.03799418;4.08992539;2.99524897;8.90740111	
2.99524897;8.90740111;2.59791361;5.59330163	
2.59791361;5.59330163;2.72170126;3.23617162
C;Orion;5.7;1.5
5.24229756;-8.20163919;5.40794918;-2.39713844	
5.40794918;-2.39713844;5.53344437;-0.2990934
5.53344437;-0.2990934;5.60355904;-1.20191725	
5.60355904;-1.20191725;5.67931244;-1.94257841
5.67931244;-1.94257841;5.79594109;-9.66960186	
5.67931244;-1.94257841;5.91952477;7.40703634
5.91952477;7.40703634;6.03971954;9.64736756	
6.03971954;9.64736756;6.12620051;14.76852318
6.12620051;14.76852318;6.1989991;14.20881425	
6.1989991;14.20881425;6.24748218;19.15688949	
6.24748218;19.15688949;6.06532876;20.13845865	
6.06532876;20.13845865;6.12620051;14.76852318	
5.91952477;7.40703634;5.51306886;5.94821792	
5.51306886;5.94821792;5.58034384;9.48958528	
5.51306886;5.94821792;5.41885227;6.34973451
5.53344437;-0.2990934;5.41885227;6.34973451	
5.41885227;6.34973451;4.83059395;6.96124744
4.83059395;6.96124744;4.853435;5.60510146	
4.853435;5.60510146;4.88965424;2.50826491	
4.88965424;2.50826491;4.97580635;1.71403506	
4.83059395;6.96124744;4.84353396;8.90025258	
4.84353396;8.90025258;4.9130296;11.42597336	
4.9130296;11.42597336;4.93953363;13.51457755
C;Canis Minor;7.5;6.9
7.65514946;5.22750767;7.45252008;8.28940893	
C;Canis Major;6.9;-20
6.37832983;-17.95591658;6.61138858;-19.25570928	
6.61138858;-19.25570928;6.53093562;-23.41843727	
6.61138858;-19.25570928;6.7525694;-16.71314306	
6.61138858;-19.25570928;6.90220967;-24.18422296	
6.90220967;-24.18422296;6.9770963;-28.97208931	
6.9770963;-28.97208931;6.33855198;-30.06337656	
6.9770963;-28.97208931;6.83068485;-32.50848752	
6.9770963;-28.97208931;7.02865325;-27.93484165	
7.02865325;-27.93484165;7.13985723;-26.39320776
7.13985723;-26.39320776;7.24685045;-26.77268601	
7.24685045;-26.77268601;7.40158473;-29.30311979	
7.13985723;-26.39320776;7.05040932;-23.83330131	
7.05040932;-23.83330131;6.89247515;-20.22426366	
6.89247515;-20.22426366;6.7525694;-16.71314306	
6.7525694;-16.71314306;6.93561842;-17.05424675
6.93561842;-17.05424675;7.06263699;-15.63325876	
7.06263699;-15.63325876;6.90318908;-12.03859273	
6.90318908;-12.03859273;6.93561842;-17.05424675
C;Lepus;5.5;-17.8
5.2155203;-16.20542901;5.22052361;-12.94128833	
5.2155203;-16.20542901;5.32625721;-13.17677698	
5.2155203;-16.20542901;5.54550386;-17.82229227
5.2155203;-16.20542901;5.09101447;-22.37085673	
5.09101447;-22.37085673;5.47075731;-20.75923214	
5.47075731;-20.75923214;5.54550386;-17.82229227	
5.47075731;-20.75923214;5.74110416;-22.44748663	
5.74110416;-22.44748663;5.85532022;-20.87751376	
5.85532022;-20.87751376;6.08309238;-16.48442713	
6.08309238;-16.48442713;5.94008841;-14.16803805	
5.94008841;-14.16803805;5.78259715;-14.82194717	
5.78259715;-14.82194717;5.54550386;-17.82229227
C;Monoceros;7.2;-0.5
8.14323824;-2.98377649;7.99560686;-3.67957835	
7.99560686;-3.67957835;7.68746574;-9.55108315	
7.99560686;-3.67957835;7.19773899;-0.49278056	
7.19773899;-0.49278056;6.48029836;-7.03305042	
6.48029836;-7.03305042;6.24759346;-6.27472737	
7.19773899;-0.49278056;6.79768245;2.41218914	
6.79768245;2.41218914;6.39613824;4.59283881	
6.79768245;2.41218914;6.5483971;7.33297921	
6.39613824;4.59283881;6.5483971;7.33297921	
6.5483971;7.33297921;6.6829614;9.89576021
C;Aquila;19.5;3
19.92187948;6.40793334;19.84630057;8.86738491	
19.84630057;8.86738491;19.77099171;10.61326869	
19.77099171;10.61326869;19.56811881;7.37931918	
19.56811881;7.37931918;19.42493129;3.11457923	
19.42493129;3.11457923;19.8745455;1.00567827	
19.8745455;1.00567827;20.18840688;-0.82147569	
19.42493129;3.11457923;19.09017012;13.86370983	
19.09017012;13.86370983;18.99371922;15.06847757	
19.42493129;3.11457923;19.10415275;-4.88233456	
19.10415275;-4.88233456;19.02801149;-5.73901832
C;Delphinus;20.6;13.3
20.55354577;11.30333217;20.62579715;14.59520289	
20.62579715;14.59520289;20.66062626;15.9120527	
20.66062626;15.9120527;20.77764388;16.12477326	
20.77764388;16.12477326;20.72431825;15.07468224	
20.72431825;15.07468224;20.62579715;14.59520289	
C;Equuleus;21.3;7.3
21.26372131;5.2480739;21.17235307;10.13194861	
21.17235307;10.13194861;21.24133058;10.00771855	
21.24133058;10.00771855;21.38155049;6.81111338	
21.38155049;6.81111338;21.26372131;5.2480739	
C;Sagitta;19.9;18.7
20.08596517;19.99087704;19.97927434;19.49209287	
19.97927434;19.49209287;19.78979589;18.53425912	
19.78979589;18.53425912;19.68414825;17.47612356	
19.78979589;18.53425912;19.66827292;18.01393839	
C;Vulpecula;20;25
19.27028877;21.39044277;19.4784475;24.66516482	
19.4784475;24.66516482;19.89102245;24.07952568
C;Serpens;15.8;2.2
17.34712098;-12.846882;17.62645145;-15.39840835	
17.62645145;-15.39840835;17.69025458;-12.87517268	
17.69025458;-12.87517268;18.35525571;-2.897122	
18.35525571;-2.897122;18.93698898;4.20352956
17.34712098;-12.846882;15.82701825;-3.43014112
15.82701825;-3.43014112;15.83820259;2.19662489	
15.83820259;2.19662489;15.84691422;4.4775798	
15.84691422;4.4775798;15.7377766;6.42551971	
15.7377766;6.42551971;15.58005284;10.53885916	
15.58005284;10.53885916;15.76978191;15.42192602	
15.76978191;15.42192602;15.69252564;19.67050566	
15.69252564;19.67050566;15.81233572;18.1417793	
15.81233572;18.1417793;15.94083173;15.66473327	
15.94083173;15.66473327;15.76978191;15.42192602
C;Ophiuchus;17.3;-0.5
17.3893308;-28.14276032;17.25591313;-26.60004896	
17.25591313;-26.60004896;17.36682891;-24.99948797	
17.36682891;-24.99948797;17.43950482;-24.17502346	
17.43950482;-24.17502346;17.35005841;-21.11243499	
17.35005841;-21.11243499;17.17296177;-15.72514757
17.17296177;-15.72514757;17.72454914;4.56691684
17.72454914;4.56691684;17.79821501;2.70745875	
17.79821501;2.70745875;17.9837771;-9.77334973	
17.79821501;2.70745875;18.01075431;2.93158759	
18.01075431;2.93158759;18.09089245;2.50243928	
17.72454914;4.56691684;16.96118627;9.37505626
17.72454914;4.56691684;17.58222354;12.56057584	
16.96118627;9.37505626;17.58222354;12.56057584	
16.96118627;9.37505626;16.61931389;-10.5671518	
16.61931389;-10.5671518;17.17296177;-15.72514757	
16.61931389;-10.5671518;16.51899859;-16.61264015	
16.51899859;-16.61264015;16.45039952;-18.45619698	
16.45039952;-18.45619698;16.40172146;-20.03721137	
16.40172146;-20.03721137;16.53560738;-21.46647783	
16.96118627;9.37505626;16.51523367;1.98410056	
16.51523367;1.98410056;16.23910173;-3.69397562	
16.23910173;-3.69397562;16.30534466;-4.69260809
16.30534466;-4.69260809;16.46339637;-8.37170055
C;Scutum;18.6;-8.3
18.7862437;-4.74782871;18.58678829;-8.24330819	
18.58678829;-8.24330819;18.48662553;-14.56580499	
18.58678829;-8.24330819;18.3943205;-8.93451038
C;Sagittarius;19.6;-31.3
18.2293913;-21.05883031;18.09681239;-30.42365007	
18.09681239;-30.42365007;18.29381366;-36.76128103	
18.29381366;-36.76128103;18.40287397;-34.3843146	
18.40287397;-34.3843146;18.34989489;-29.82803914
18.34989489;-29.82803914;18.46618597;-25.42124732	
18.46618597;-25.42124732;18.2293913;-21.05883031
18.34989489;-29.82803914;18.76093138;-26.9907794
18.76093138;-26.9907794;19.04353428;-29.88011429	
19.04353428;-29.88011429;19.11567841;-27.66981416
19.04353428;-29.88011429;19.3980976;-40.61564629	
19.3980976;-40.61564629;19.37730181;-44.45891013	
19.3980976;-40.61564629;19.99560397;-35.27624433	
19.99560397;-35.27624433;19.92102196;-41.8684135	
19.99560397;-35.27624433;19.11567841;-27.66981416	
19.11567841;-27.66981416;18.92108797;-26.29659428
18.92108797;-26.29659428;18.76093138;-26.9907794	
18.92108797;-26.29659428;18.96216103;-21.10662433	
18.92108797;-26.29659428;19.1627316;-21.02352534	
18.96216103;-21.10662433;19.1627316;-21.02352534	
19.1627316;-21.02352534;19.36121535;-17.84725155	
19.36121535;-17.84725155;19.36211722;-15.95500233
18.09681239;-30.42365007;18.34989489;-29.82803914
C;Scorpius;16.6;-32
17.512733;-37.29574016;17.56014624;-37.10374835	
17.56014624;-37.10374835;17.70813327;-39.02992092	
17.70813327;-39.02992092;17.79307809;-40.12698197	
17.79307809;-40.12698197;17.62197938;-42.99782155	
17.62197938;-42.99782155;17.20254886;-43.23849039	
17.20254886;-43.23849039;16.86451079;-38.04732717	
16.86451079;-38.04732717;16.83617915;-34.29260982	
16.83617915;-34.29260982;16.59804428;-28.21596156	
16.59804428;-28.21596156;16.49012986;-26.43194608	
16.49012986;-26.43194608;16.35314514;-25.59275259	
16.35314514;-25.59275259;16.20505881;-27.92631564	
16.20505881;-27.92631564;15.94807962;-29.21401221	
15.94807962;-29.21401221;15.98086685;-26.1140428	
16.35314514;-25.59275259;16.19992791;-19.46064684	
16.19992791;-19.46064684;16.0906208;-19.80539286	
16.0906208;-19.80539286;16.00555881;-22.62162024
C;Libra;15.2;-19.6
15.64427343;-29.77768935;15.61707183;-28.13507099	
15.61707183;-28.13507099;15.59209426;-14.78955365	
15.59209426;-14.78955365;14.84799369;-16.04161047	
15.59209426;-14.78955365;15.28346439;-9.38286694	
15.28346439;-9.38286694;14.84799369;-16.04161047	
14.84799369;-16.04161047;15.06785052;-25.28185602
C;Lupus;15.2;-44.5
16.10987675;-36.80221297;15.84931715;-33.62710488	
15.84931715;-33.62710488;15.36345457;-36.26116729
15.36345457;-36.26116729;16.00203902;-38.39664079	
15.36345457;-36.26116729;14.97554279;-43.13386699	
14.97554279;-43.13386699;14.86064536;-43.57529383	
14.86064536;-43.57529383;14.69882606;-47.38814127	
14.69882606;-47.38814127;14.43633376;-45.37926095	
14.69882606;-47.38814127;14.32339798;-46.05808391	
14.69882606;-47.38814127;14.63145864;-49.42575765	
14.63145864;-49.42575765;14.54363429;-50.45712132	
14.63145864;-49.42575765;15.08530713;-47.05119386	
15.08530713;-47.05119386;15.19893362;-48.73770212	
15.19893362;-48.73770212;15.20477865;-52.09907465	
15.08530713;-47.05119386;15.1473971;-45.27979406
15.1473971;-45.27979406;15.30890239;-47.87519201	
15.30890239;-47.87519201;15.37802431;-44.68957314	
15.1473971;-45.27979406;15.35620455;-40.64745946
15.35620455;-40.64745946;15.58568343;-41.16669497	
15.58568343;-41.16669497;15.63425619;-42.56748493	
15.63425619;-42.56748493;15.59812916;-44.95833688	
15.35620455;-40.64745946;15.38593424;-36.85843627		
15.38593424;-36.85843627;15.36345457;-36.26116729
C;Hydra;10.5;-17.2
14.10618582;-26.68201883;13.31534816;-23.17141246	
13.31534816;-23.17141246;13.15091194;-23.11797275
13.15091194;-23.11797275;11.88182257;-33.90813014	
11.88182257;-33.90813014;11.55007195;-31.85752405	
11.55007195;-31.85752405;10.82706446;-16.19413208	
10.82706446;-16.19413208;10.43486251;-16.83609584	
10.43486251;-16.83609584;10.17649919;-12.35383921	
10.17649919;-12.35383921;9.85796735;-14.84654997	
9.85796735;-14.84654997;9.45979217;-8.65868335	
9.45979217;-8.65868335;9.66425943;-1.14265722	
9.66425943;-1.14265722;9.23938701;2.31502422	
9.23938701;2.31502422;8.92324579;5.9455277	
8.92324579;5.9455277;8.72041287;3.39866539	
8.72041287;3.39866539;8.64595799;3.34147477	
8.64595799;3.34147477;8.62761315;5.70379868	
8.62761315;5.70379868;8.77962395;6.41890691	
8.77962395;6.41890691;8.92324579;5.9455277
C;Corvus;12.2;-22.2
12.57312057;-23.39662306;12.3426974;-22.21583387	
12.3426974;-22.21583387;12.16875718;-22.61979211	
12.16875718;-22.61979211;12.14020907;-24.72877993	
12.16875718;-22.61979211;12.26346329;-17.5419837	
12.26346329;-17.5419837;12.4977731;-16.51509397	
12.4977731;-16.51509397;12.3426974;-22.21583387	
12.4977731;-16.51509397;12.53457909;-16.19586556
C;Crater;11.5;-15.5
11.19430174;-22.82560642;10.9963191;-18.29909723	
10.9963191;-18.29909723;11.3223674;-14.77904358	
11.3223674;-14.77904358;11.41016816;-10.85938276	
11.41016816;-10.85938276;11.61137458;-9.80225368	
11.61137458;-9.80225368;11.93360653;-17.15080863	
11.93360653;-17.15080863;11.74604415;-18.35061467	
11.74604415;-18.35061467;11.41471755;-17.68401748	
11.41471755;-17.68401748;11.3223674;-14.77904358	
11.41471755;-17.68401748;11.19430174;-22.82560642
C;Sextans;10;-0.5
9.8751308;-8.10491559;10.13230432;-0.37162786	
10.13230432;-0.37162786;10.50486195;-0.63697208	
C;Crux;12.5;-59.5
12.5194248;-57.11256922;12.44331705;-63.09905586	
12.79536635;-59.68873246;12.25243248;-58.74890179
C;Centaurus;13.2;-49
13.76154628;-33.04336606;13.82409757;-34.45063035	
13.76154628;-33.04336606;13.86378478;-32.99401625	
13.76154628;-33.04336606;13.88681897;-31.92758624	
13.76154628;-33.04336606;13.34335154;-36.71208109	
13.34335154;-36.71208109;13.5174079;-39.40727983
13.5174079;-39.40727983;13.82508261;-41.68765971
13.82508261;-41.68765971;14.11147907;-36.36869575	
14.11147907;-36.36869575;14.34263313;-37.88526711	
14.34263313;-37.88526711;14.10077389;-41.17958035	
14.10077389;-41.17958035;13.97119018;-42.10070526	
13.97119018;-42.10070526;13.82508261;-41.68765971	
13.97119018;-42.10070526;14.5917921;-42.15774562	
14.5917921;-42.15774562;14.9860275;-42.10414199	
13.97119018;-42.10070526;13.97799204;-44.8035314	
13.97799204;-44.8035314;14.02874776;-45.60336989	
14.02874776;-45.60336989;13.92567635;-47.28826634
13.92567635;-47.28826634;13.82694662;-42.47368506	
13.82694662;-42.47368506;13.82508261;-41.68765971	
13.92567635;-47.28826634;12.69200138;-48.95988553
13.92567635;-47.28826634;13.66479797;-53.46636269	
13.66479797;-53.46636269;14.66136068;-60.83514707	
13.66479797;-53.46636269;14.06373459;-60.3729784	
13.66479797;-53.46636269;12.69200138;-48.95988553	
12.69200138;-48.95988553;12.46733655;-50.2306048
12.46733655;-50.2306048;12.19420872;-52.36841559	
12.19420872;-52.36841559;11.59636896;-63.01982488	
12.46733655;-50.2306048;12.13931767;-50.72240999	
12.13931767;-50.72240999;11.35012284;-54.49101395
C;Aquarius;22.6;-8
20.79459238;-9.49568988;20.87755716;-8.98323782	
20.87755716;-8.98323782;21.15988689;-11.37165474	
21.15988689;-11.37165474;21.52597796;-5.57115593	
21.52597796;-5.57115593;22.10727926;-13.86954013	
21.52597796;-5.57115593;22.09639591;-0.31982656
22.09639591;-0.31982656;22.42128123;1.37739245	
22.42128123;1.37739245;22.58925803;-0.11736123	
22.58925803;-0.11736123;22.36091665;-1.38735315	
22.36091665;-1.38735315;22.09639591;-0.31982656	
22.09639591;-0.31982656;22.28054621;-7.78323706	
22.28054621;-7.78323706;22.87690679;-7.57967878
22.87690679;-7.57967878;22.8265305;-13.59253756	
22.8265305;-13.59253756;22.91084423;-15.82075994	
22.91084423;-15.82075994;23.26479915;-9.08769554
23.26479915;-9.08769554;22.87690679;-7.57967878	
23.26479915;-9.08769554;23.23870347;-6.0485268	
22.87690679;-7.57967878;23.23870347;-6.0485268	
23.26479915;-9.08769554;23.38286152;-20.10034505	
23.38286152;-20.10034505;23.43411593;-20.64186122	
23.43411593;-20.64186122;23.55461808;-20.91452506	
23.26479915;-9.08769554;23.15743391;-21.17248555	
23.15743391;-21.17248555;23.16524358;-22.45759248	
23.16524358;-22.45759248;23.11133535;-23.7431168
C;Capricornus;21;-18
20.29412669;-12.50821403;20.35017956;-14.78140119	
20.35017956;-14.78140119;20.48100657;-17.81366828
20.48100657;-17.81366828;20.76826836;-25.27051682	
20.76826836;-25.27051682;20.86369338;-26.91912642	
20.48100657;-17.81366828;21.0734235;-19.85493122	
21.0734235;-19.85493122;21.11880151;-25.00574796	
21.0734235;-19.85493122;21.09910538;-17.23271095	
21.09910538;-17.23271095;20.35017956;-14.78140119	
21.09910538;-17.23271095;21.3707715;-16.83455521
21.09910538;-17.23271095;21.44445214;-22.41137838	
21.44445214;-22.41137838;21.47869889;-21.80716659	
21.47869889;-21.80716659;21.3707715;-16.83455521	
21.3707715;-16.83455521;21.66815062;-16.66225343	
21.66815062;-16.66225343;21.78396813;-16.12656595
C;Piscis Austrinus;22.5;-28.6
22.96078488;-29.62183701;22.87543275;-32.87545019	
22.87543275;-32.87545019;22.52508043;-32.34602798	
22.52508043;-32.34602798;22.13970922;-32.98839827
22.13970922;-32.98839827;21.74910772;-33.02555306	
21.74910772;-33.02555306;21.79560369;-30.89830582	
21.79560369;-30.89830582;22.13970922;-32.98839827	
22.13970922;-32.98839827;22.67759043;-27.0436148	
22.67759043;-27.0436148;22.96078488;-29.62183701
C;Sculptor;0.2;-31.5
23.5494967;-37.81835895;23.31372966;-32.53183574	
23.31372966;-32.53183574;23.81541108;-28.1300148	
23.81541108;-28.1300148;0.35866009;-28.98129509	
0.35866009;-28.98129509;0.97676274;-29.35746436	
C;Eridanus;4;-26	
1.62854213;-57.23666007;1.93245347;-51.60958673	
1.93245347;-51.60958673;2.27513896;-51.51211145	
2.27513896;-51.51211145;2.44975138;-47.70382692	
2.44975138;-47.70382692;2.6777588;-39.85530905	
2.6777588;-39.85530905;2.97103212;-40.30473491	
2.97103212;-40.30473491;3.33145134;-43.07154929	
3.33145134;-43.07154929;3.80995081;-37.62012878	
3.80995081;-37.62012878;3.82424469;-36.2001125
3.82424469;-36.2001125;4.29822737;-33.79833145
4.29822737;-33.79833145;4.40060148;-34.01698632
4.40060148;-34.01698632;4.55850819;-29.76583186	
4.55850819;-29.76583186;3.99874336;-24.01625677	
3.99874336;-24.01625677;3.89518971;-24.61221253	
3.89518971;-24.61221253;3.78083028;-23.248438	
3.78083028;-23.248438;3.56312442;-21.63281597	
3.56312442;-21.63281597;3.32526935;-21.7579421	
3.32526935;-21.7579421;3.03988697;-23.62433613	
3.03988697;-23.62433613;2.75166151;-18.57265077	
2.75166151;-18.57265077;2.94044549;-8.89760976	
2.94044549;-8.89760976;3.549006;-9.45830584	
3.549006;-9.45830584;3.72082113;-9.76519868	
3.72082113;-9.76519868;3.76902844;-12.1017353	
3.76902844;-12.1017353;3.96714724;-13.50824471	
3.96714724;-13.50824471;4.19775922;-6.8377787	
4.19775922;-6.8377787;4.60531682;-3.352448	
4.60531682;-3.352448;4.7583725;-3.25462465	
4.7583725;-3.25462465;4.88157788;-5.45275591	
4.88157788;-5.45275591;5.13084276;-5.08626282	
5.13084276;-5.08626282;5.15243971;-8.75407607
C;Fornax;3;-29.7
3.20118888;-28.98910623;2.8181554;-32.40628403	
2.8181554;-32.40628403;2.07484168;-29.29683966
C;Phoenix;0.5;-46
0.43801871;-42.30512197;0.15681663;-45.74698836	
0.15681663;-45.74698836;0.43669894;-43.67990933	
0.43669894;-43.67990933;0.43801871;-42.30512197	
0.43669894;-43.67990933;0.68877111;-46.08500934	
0.68877111;-46.08500934;1.13973891;-55.24583235
0.68877111;-46.08500934;1.47276157;-43.31772906	
0.68877111;-46.08500934;1.10141847;-46.71849042	
1.10141847;-46.71849042;1.13973891;-55.24583235	
1.10141847;-46.71849042;1.47276157;-43.31772906	
1.10141847;-46.71849042;1.5208282;-49.07307701	
1.10141847;-46.71849042;1.89411658;-46.30244631	
C;Grus;22.6;-46.5
21.8987928;-37.3648229;22.10191767;-39.54304903
22.10191767;-39.54304903;22.13718789;-46.96061593	
22.13718789;-46.96061593;22.48782057;-43.49555433	
22.48782057;-43.49555433;23.1146579;-43.52032436	
23.1146579;-43.52032436;23.17261887;-45.24664747	
23.17261887;-45.24664747;22.71109302;-46.88456594	
22.71109302;-46.88456594;22.13718789;-46.96061593	
22.71109302;-46.88456594;22.80922142;-51.31670354	
22.71109302;-46.88456594;23.01468731;-52.75410562
C;Antlia;10.2;-33
10.94527675;-37.1374629;10.4525433;-31.06780228	
10.4525433;-31.06780228;9.73670284;-27.76956287	
9.73670284;-27.76956287;9.48742707;-35.9513478
C;Argo;7.3;-52
C;Puppis;7.5;-36.5
C;Pyxis;8.9;-29.5
C;Vela;9.5;-49
C;Carina;9.7;-65
8.84222536;-27.71005869;8.72654096;-33.18641133	
8.72654096;-33.18641133;8.66837126;-35.30830091	
8.66837126;-35.30830091;8.0597417;-40.00318846
8.0597417;-40.00318846;8.12575059;-24.30443677	
8.12575059;-24.30443677;7.82157187;-24.85978401	
7.82157187;-24.85978401;7.64718924;-26.8038924	
7.64718924;-26.8038924;7.28571226;-37.09748689	
7.28571226;-37.09748689;6.62935324;-43.19592394	
6.62935324;-43.19592394;6.39919184;-52.69571799	
6.39919184;-52.69571799;9.22006688;-69.71747245	
9.22006688;-69.71747245;10.22896636;-70.03792169	
10.22896636;-70.03792169;10.71595186;-64.39447937	
10.71595186;-64.39447937;10.5337455;-61.68536031
10.5337455;-61.68536031;10.28472369;-61.33231977
10.28472369;-61.33231977;9.28484122;-59.27526115
9.28484122;-59.27526115;8.37524019;-59.50953829	
8.37524019;-59.50953829;7.94631715;-52.98240062	
7.94631715;-52.98240062;8.15887648;-47.33661177
8.15887648;-47.33661177;8.0597417;-40.00318846	
9.28484122;-59.27526115;8.7450548;-54.70856797	
8.7450548;-54.70856797;9.36856367;-55.01069531	
9.36856367;-55.01069531;9.94770968;-54.5677973	
9.94770968;-54.5677973;10.77947836;-49.42012517	
10.77947836;-49.42012517;10.62173798;-48.22561631
10.62173798;-48.22561631;10.24563159;-42.12206281
10.24563159;-42.12206281;9.51169804;-40.46688763	
9.51169804;-40.46688763;9.13327141;-43.43262406	
9.13327141;-43.43262406;8.15887648;-47.33661177	
8.15887648;-47.33661177;8.7450548;-54.70856797
C;Volans;8;-68.5
9.04077745;-66.39584369;8.13217799;-68.61713647	
9.04077745;-66.39584369;8.42895729;-66.13652042	
8.42895729;-66.13652042;8.13217799;-68.61713647	
8.13217799;-68.61713647;8.33027654;-71.51499632	
8.13217799;-68.61713647;7.69699889;-72.60613528	
8.13217799;-68.61713647;7.14509485;-70.49734046	
8.13217799;-68.61713647;7.28050856;-67.95717248	
7.69699889;-72.60613528;7.14509485;-70.49734046	
C;Caelum;4.6;-39.2
4.67606197;-41.86357034;4.7009573;-37.14476616
C;Columba;6;-35.6
5.5202043;-35.47043592;5.66081665;-34.07404941	
5.66081665;-34.07404941;5.84932022;-35.76929225	
5.84932022;-35.76929225;5.98577514;-42.81510761	
5.98577514;-42.81510761;5.95894774;-35.28330688	
5.95894774;-35.28330688;5.84932022;-35.76929225	
5.95894774;-35.28330688;6.36856809;-33.43627251	
5.95894774;-35.28330688;6.27587093;-35.14073157	
6.36856809;-33.43627251;6.27587093;-35.14073157	
C;Pictor;6;-56
6.80320475;-61.94197988;5.7880787;-51.06671329
5.7880787;-51.06671329;5.83043799;-56.1664886	
5.83043799;-56.1664886;6.80320475;-61.94197988	
C;Dorado;5;-57.5
4.26708095;-51.48709578;4.56658845;-55.04500559	
4.56658845;-55.04500559;5.09185843;-57.47298928	
5.09185843;-57.47298928;5.5604212;-62.48985585	
5.5604212;-62.48985585;5.74622751;-65.7355408	
5.5604212;-62.48985585;5.90163891;-63.09102096
C;Horologium;3.5;-50.5
4.23335592;-42.29387294;2.70921068;-50.80082665	
2.70921068;-50.80082665;2.6234069;-52.54308845	
2.6234069;-52.54308845;2.67766108;-54.54992422	
2.67766108;-54.54992422;3.06025103;-59.73761994	
3.06025103;-59.73761994;2.979935;-64.07129717
C;Reticulum;4;-62
4.24039753;-62.47397888;3.73654302;-64.80709398	
3.73654302;-64.80709398;3.97909374;-61.40015059	
3.97909374;-61.40015059;4.27474542;-59.30174841	
4.27474542;-59.30174841;4.24039753;-62.47397888
C;Hydrus;2.5;-73.5
1.97940884;-61.56992444;1.91555967;-67.64748114	
1.91555967;-67.64748114;2.36250639;-68.6594239	
2.36250639;-68.6594239;2.75903683;-67.616724	
2.75903683;-67.616724;3.78728653;-74.23924251	
3.78728653;-74.23924251;0.42755612;-77.25503511
C;Mensa;5.5;-73.5
6.17061203;-74.7525279;5.53129495;-76.3416634	
5.53129495;-76.3416634;4.91976102;-74.93700232	
4.91976102;-74.93700232;5.04527913;-71.31432608
C;Chamaeleon;10.6;-79.8
8.30868523;-76.91998251;8.34413553;-77.4845764	
8.34413553;-77.4845764;10.76309326;-80.54020283	
10.76309326;-80.54020283;12.30581775;-79.31226899	
12.30581775;-79.31226899;10.59117177;-78.60781379	
10.59117177;-78.60781379;8.30868523;-76.91998251
C;Musca;12.5;-69
12.61974547;-69.13553358;12.77135267;-68.10809405	
12.61974547;-69.13553358;13.03771597;-71.54879865	
12.61974547;-69.13553358;12.54114193;-72.1329759	
12.61974547;-69.13553358;12.29295453;-67.96067161	
12.29295453;-67.96067161;11.76015759;-66.72884344
C;Octans;20.5;-83.3
21.69124253;-77.38946215;14.44881687;-83.66785308	
14.44881687;-83.66785308;22.76770092;-81.38161731	
22.76770092;-81.38161731;21.69124253;-77.38946215
C;Apus;15.5;-78
14.79770171;-79.04471242;16.33912085;-78.69565609	
16.33912085;-78.69565609;16.55762893;-78.89695917	
16.55762893;-78.89695917;16.71817212;-77.51657182
C;Circinus;15;-62.5
15.29193339;-58.80087882;14.70852362;-64.97456957	
14.70852362;-64.97456957;15.38962715;-59.32069839	
C;Triangulum Australe;16;-66.9
16.81107382;-69.02763503;15.91911334;-63.42974973	
15.91911334;-63.42974973;15.61199636;-66.31690469	
15.61199636;-66.31690469;15.31519133;-68.67946723	
15.31519133;-68.67946723;16.81107382;-69.02763503	
C;Norma;16.1;-49
16.05357227;-49.22972074;16.33071322;-50.15537923	
16.33071322;-50.15537923;16.45306883;-47.5547359	
C;Telescopium;18.5;-47
18.18716006;-45.95432704;18.44956396;-45.96832919	
18.44956396;-45.96832919;18.48048221;-49.07003097	
C;Corona Australis;19;-39.9	
18.81401959;-43.67999681;19.05189794;-42.09499443	
19.05189794;-42.09499443;19.13914805;-40.4966376	
19.13914805;-40.4966376;19.16715345;-39.34070677	
19.16715345;-39.34070677;19.15785508;-37.90423953	
19.15785508;-37.90423953;19.10695543;-37.06275714
C;Tucana;23.2;-62
22.30838283;-60.25949486;23.29050334;-58.23592762	
23.29050334;-58.23592762;0.52571132;-62.95808549	
0.52571132;-62.95808549;0.33386505;-64.8776232	
0.33386505;-64.8776232;23.99858613;-65.57707774	
23.99858613;-65.57707774;23.29050334;-58.23592762
C;Indus;21.2;-53.5
20.62610824;-47.29166239;20.73394074;-51.92084051	
20.73394074;-51.92084051;20.91349433;-58.4540947	
20.91349433;-58.4540947;21.96528638;-54.9925666	
20.91349433;-58.4540947;22.05484433;-56.77980602	
21.96528638;-54.9925666;22.05484433;-56.77980602
C;Microscopium;21;-36
20.83279986;-33.7796732;21.02151713;-32.25776681	
21.02151713;-32.25776681;21.29895737;-32.17248551	
21.29895737;-32.17248551;21.34599543;-40.80950852
C;Ara;17.5;-55.5
18.11052188;-50.09145462;17.53070044;-49.87598159	
17.53070044;-49.87598159;17.42166588;-55.52982397	
17.42166588;-55.52982397;17.42323884;-56.37768824	
17.42323884;-56.37768824;17.51832693;-60.68360667	
17.42323884;-56.37768824;16.97700854;-55.99005508	
16.97700854;-55.99005508;16.82975317;-59.04131648	
16.97700854;-55.99005508;16.99306851;-53.16049005	
16.99306851;-53.16049005;17.53070044;-49.87598159
C;Pavo;19.5;-68.5
20.42745823;-56.73488071;20.14496114;-66.17932101	
20.42745823;-56.73488071;21.44069225;-65.36814438	
21.44069225;-65.36814438;20.74932102;-66.20323826	
20.74932102;-66.20323826;20.14496114;-66.17932101	
20.14496114;-66.17932101;20.00983148;-72.91018443	
20.00983148;-72.91018443;18.71725939;-71.42772867	
18.71725939;-71.42772867;18.94917796;-67.23353511	
18.94917796;-67.23353511;20.14496114;-66.17932101	
18.94917796;-67.23353511;18.87028792;-62.18756062	
18.87028792;-62.18756062;18.38711682;-61.49390506
18.87028792;-62.18756062;18.14299745;-63.66804844	
18.14299745;-63.66804844;18.38711682;-61.49390506	
18.14299745;-63.66804844;17.76222289;-64.7237345																